1 3 23 99
0 3 4 2 99
1 4 5 13 99
0 1 4 6 99
3 6 7 5 1 2 99
4 7 2 99
3 4 7 8 99
6 8 5 4 99
6 7 9 99
10 8 11 99
9 11 12 99
10 9 12 32 99
10 11 99
2 14 15 99
13 18 15 17 99
14 13 18 16 99
15 18 19 20 24 27 99
14 18 19 32 99
14 15 16 19 17 99
17 18 16 27 33 32 99
16 24 29 21 99
20 25 29 30 22 99
21 23 25 99
22 25 26 0 99
16 27 28 29 20 99
21 30 22 23 99
30 23 99
16 33 28 35 24 19 99
27 24 29 31 99
28 31 24 20 21 30 99
25 21 29 26 99
29 28 38 99
33 11 17 19 34 35 99
32 35 27 19 99
32 35 36 99
27 37 34 36 35 32 99
34 35 37 99
36 35 99
31 39 40 99
38 40 41 99
38 39 41 99
39 40 99